1000014479,1
1000028958,2
1000043437,3
1000057916,4
1000072395,5
1000086874,6
1000101353,7
1000113000,6
1000113000,5
1000113000,4
1000113000,3
1000113000,2
1000115832,3
1000130311,4
1000134729,3
1000134729,2
1000134729,1
1000134729,0
1000144790,1
1000153840,0
1000159269,1
1000165387,0
1000173748,1
1000176934,0
1000188227,1
1000188481,0
1000202706,1
1000202706,0
1000217185,1
1000217185,0
1000231664,1
1000231664,0
1000246143,1
1000246143,0
1000260622,1
1000260622,0
1000275101,1
1000275101,0
1000289580,1
1000289580,0
1000304059,1
1000304059,0
1000318538,1
1000318538,0
1000333017,1
1000333017,0
1000347496,1
1000347496,0
1000361975,1
1000361975,0
1000376454,1
1000376454,0
1000390933,1
1000390933,0
1000405412,1
1000405412,0
1000419891,1
1000419891,0
1000434370,1
1000434370,0
1000448849,1
1000448849,0
1000463328,1
1000463328,0
1000477807,1
1000477807,0
1000492286,1
1000492286,0
1000506765,1
1000506765,0
1000521244,1
1000521244,0
1000535723,1
1000535723,0
1000550202,1
1000550202,0
1000564681,1
1000564681,0
1000579160,1
1000579160,0
1000593639,1
1000593639,0
1000608118,1
1000608118,0
1000622597,1
1000622597,0
1000637076,1
1000637076,0
1000651555,1
1000651555,0
1000666034,1
1000666034,0
1000680513,1
1000680513,0
1000694992,1
1000694992,0
1000709471,1
1000709471,0
1000723950,1
1000723950,0
1000738429,1
1000738429,0
1000752908,1
1000752908,0
1000767387,1
1000767387,0
1000781866,1
1000781866,0
1000796345,1
1000796345,0
1000810824,1
1000810824,0
1000825303,1
1000825303,0
1000839782,1
1000839782,0
1000854261,1
1000854261,0
1000868740,1
1000868740,0
1000883219,1
1000883219,0
1000897698,1
1000897698,0
1000912177,1
1000912177,0
1000926656,1
1000926656,0
1000941135,1
1000941135,0
1000955614,1
1000955614,0
1000970093,1
1000970093,0
1000984572,1
1000984572,0
1000999051,1
1000999051,0
1001013530,1
1001013530,0
1001028009,1
1001028009,0
1001042488,1
1001042488,0
1001056967,1
1001056967,0
1001071446,1
1001071446,0
1001085925,1
1001085925,0
1001100404,1
1001100404,0
1001114883,1
1001114883,0
1001129362,1
1001129362,0
1001143841,1
1001143841,0
1001158320,1
1001158320,0
1001172799,1
1001172799,0
1001187278,1
1001187278,0
1001201757,1
1001201757,0
1001216236,1
1001216236,0
1001230715,1
1001230715,0
1001245194,1
1001245194,0
1001259673,1
1001259673,0
1001274152,1
1001274152,0
1001288631,1
1001288631,0
1001303110,1
1001303110,0
1001317589,1
1001317589,0
1001332068,1
1001332068,0
1001346547,1
1001346547,0
1001361026,1
1001361026,0
1001375505,1
1001375505,0
1001389984,1
1001389984,0
1001404463,1
1001404463,0
1001418942,1
1001418942,0
1001433421,1
1001433421,0
1001447900,1
1001447900,0
1001462379,1
1001462379,0
1001476858,1
1001476858,0
1001491337,1
1001491337,0
1001505816,1
1001505816,0
1001520295,1
1001520295,0
1001534774,1
1001534774,0
1001549253,1
1001549253,0
1001563732,1
1001563732,0
1001578211,1
1001578211,0
1001592690,1
1001592690,0
1001607169,1
1001607169,0
1001621648,1
1001621648,0
1001636127,1
1001636127,0
1001650606,1
1001650606,0
1001665085,1
1001665085,0
1001679564,1
1001679564,0
1001694043,1
1001694043,0
1001708522,1
1001708522,0
1001723001,1
1001723001,0
1001737480,1
1001737480,0
1001751959,1
1001751959,0
1001766438,1
1001766438,0
1001780917,1
1001780917,0
1001795396,1
1001795396,0
1001809875,1
1001809875,0
1001824354,1
1001824354,0
1001838833,1
1001838833,0
1001853312,1
1001853312,0
1001867791,1
1001867791,0
1001882270,1
1001882270,0
1001896749,1
1001896749,0
1001911228,1
1001911228,0
1001925707,1
1001925707,0
1001940186,1
1001940186,0
1001954665,1
1001954665,0
1001969144,1
1001969144,0
1001983623,1
1001983623,0
1001998102,1
1001998102,0
1002012581,1
1002012581,0
1002027060,1
1002027060,0
1002041539,1
1002041539,0
1002056018,1
1002056018,0
1002070497,1
1002070497,0
1002084976,1
1002084976,0
1002099455,1
1002099455,0
1002113934,1
1002113934,0
1002128413,1
1002128413,0
1002142892,1
1002142892,0
1002157371,1
1002157371,0
1002171850,1
1002171850,0
1002186329,1
1002186329,0
1002200808,1
1002200808,0
1002215287,1
1002215287,0
1002229766,1
1002229766,0
1002244245,1
1002244245,0
1002258724,1
1002258724,0
1002273203,1
1002273203,0
1002287682,1
1002287682,0
1002302161,1
1002302161,0
1002316640,1
1002316640,0
1002331119,1
1002331119,0
1002345598,1
1002345598,0
1002360077,1
1002360077,0
1002374556,1
1002374556,0
1002389035,1
1002389035,0
1002403514,1
1002403514,0
1002417993,1
1002417993,0
1002432472,1
1002432472,0
1002446951,1
1002446951,0
1002461430,1
1002461430,0
1002475909,1
1002475909,0
1002490388,1
1002490388,0
1002504867,1
1002504867,0
1002519346,1
1002519346,0
1002533825,1
1002533825,0
1002548304,1
1002548304,0
1002562783,1
1002562783,0
1002577262,1
1002577262,0
1002591741,1
1002591741,0
1002606220,1
1002606220,0
1002620699,1
1002620699,0
1002635178,1
1002635178,0
1002649657,1
1002649657,0
1002664136,1
1002664136,0
1002678615,1
1002678615,0
1002693094,1
1002693094,0
1002707573,1
1002707573,0
1002722052,1
1002722052,0
1002736531,1
1002736531,0
1002751010,1
1002751010,0
1002765489,1
1002765489,0
1002779968,1
1002779968,0
1002794447,1
1002794447,0
1002808926,1
1002808926,0
1002823405,1
1002823405,0
1002837884,1
1002837884,0
1002852363,1
1002852363,0
1002866842,1
1002866842,0
1002881321,1
1002881321,0
1002895800,1
1002895800,0
1002910279,1
1002910279,0
1002924758,1
1002924758,0
1002939237,1
1002939237,0
1002953716,1
1002953716,0
1002968195,1
1002968195,0
1002982674,1
1002982674,0
1002997153,1
1002997153,0
1003011632,1
1003011632,0
1003026111,1
1003026111,0
1003040590,1
1003040590,0
1003055069,1
1003055069,0
1003069548,1
1003069548,0
1003084027,1
1003084027,0
1003098506,1
1003098506,0
1003112985,1
1003112985,0
1003127464,1
1003127464,0
1003141943,1
1003141943,0
1003156422,1
1003156422,0
1003170901,1
1003170901,0
1003185380,1
1003185380,0
1003199859,1
1003199859,0
1003214338,1
1003214338,0
1003228817,1
1003228817,0
1003243296,1
1003243296,0
1003257775,1
1003257775,0
1003272254,1
1003272254,0
1003286733,1
1003286733,0
1003301212,1
1003301212,0
1003315691,1
1003330170,2
1003344649,3
1003359128,4
1003373607,5
1003388086,6
1003402565,7
1003417044,8
1003431523,9
1003446002,10
1003460481,11
1003474960,12
1003489439,13
1003503918,14
1003518397,15
1003532876,16
1003547355,17
1003561834,18
1003576313,19
1003590792,20
1003605271,21
1003619750,22
1003634229,23
1003648708,24
1003663187,25
1003677666,26
1003692145,27
1003706624,28
1003721103,29
1003735582,30
1003750061,31
1003764540,32
1003779019,33
1003793498,34
1003807977,35
1003822456,36
1003836935,37
1003851414,38
1003865893,39
1003880372,40
1003894851,41
1003909330,42
1003923809,43
1003938288,44
1003952767,45
1003967246,46
1003981725,47
1003996204,48
1004010683,49
1004025162,50
1004039641,51
1004054120,52
1004068599,53
1004083078,54
1004097557,55
1004112036,56
1004126515,57
1004140994,58
1004155473,59
1004169952,60
1004184431,61
1004198910,62
1004213389,63
1004227868,64
1004242347,65
1004256826,66
1004271305,67
1004285784,68
1004300263,69
1004314742,70
1004329221,71
1004343700,72
1004358179,73
1004372658,74
1004387137,75
1004401616,76
1004416095,77
1004430574,78
1004445053,79
1004459532,80
1004474011,81
1004488490,82
1004502969,83
1004517448,84
1004531927,85
1004546406,86
1004560885,87
1004575364,88
1004589843,89
1004604322,90
1004618801,91
1004633280,92
1004647759,93
1004662238,94
1004676717,95
1004691196,96
1004705675,97
1004720154,98
1004734633,99
1004749112,100
1004763591,101
1004778070,102
1004792549,103
1004807028,104
1004821507,105
1004835986,106
1004850465,107
1004864944,108
1004879423,109
1004893902,110
1004908381,111
1004922860,112
1004937339,113
1004951818,114
1004966297,115
1004980776,116
1004995255,117
1005009734,118
1005024213,119
1005038692,120
1005053171,121
1005067650,122
1005082129,123
1005096608,124
1005111087,125
1005125566,126
1005140045,127
1005154524,128
1005169003,129
1005183482,130
1005197961,131
1005212440,132
1005226919,133
1005241398,134
1005244547,133
1005244547,132
1005244547,131
1005244547,130
1005244547,129
1005255877,130
1005266276,129
1005266276,128
1005266276,127
1005266276,126
1005266276,125
1005270356,126
1005284835,127
1005288005,126
1005288005,125
1005288005,124
1005288005,123
1005288005,122
1005299314,123
1005309734,122
1005309734,121
1005309734,120
1005309734,119
1005309734,118
1005313793,119
1005328272,120
1005331463,119
1005331463,118
1005331463,117
1005331463,116
1005331463,115
1005342751,116
1005353192,115
1005353192,114
1005353192,113
1005353192,112
1005353192,111
1005357230,112
1005371709,113
1005374921,112
1005374921,111
1005374921,110
1005374921,109
1005374921,108
1005386188,109
1005396650,108
1005396650,107
1005396650,106
1005396650,105
1005396650,104
1005400667,105
1005415146,106
1005418379,105
1005418379,104
1005418379,103
1005418379,102
1005418379,101
1005429625,102
1005440108,101
1005440108,100
1005440108,99
1005440108,98
1005440108,97
1005444104,98
1005458583,99
1005461837,98
1005461837,97
1005461837,96
1005461837,95
1005461837,94
1005473062,95
1005483566,94
1005483566,93
1005483566,92
1005483566,91
1005483566,90
1005487541,91
1005502020,92
1005505295,91
1005505295,90
1005505295,89
1005505295,88
1005505295,87
1005516499,88
1005527024,87
1005527024,86
1005527024,85
1005527024,84
1005527024,83
1005530978,84
1005545457,85
1005548753,84
1005548753,83
1005548753,82
1005548753,81
1005548753,80
1005559936,81
1005570482,80
1005570482,79
1005570482,78
1005570482,77
1005570482,76
1005574415,77
1005588894,78
1005592211,77
1005592211,76
1005592211,75
1005592211,74
1005592211,73
1005603373,74
